ride: 103591
fill: 88142
kick: 75286
tom: 64351
bass: 52917
rock: 40209
crash: 39690
loop: 31736
synth: 26556
piano: 21932
bell: 20861
lead: 19496
drum: 17380
snare: 16341
stick: 16144
melody: 15282
chord: 14766
pad: 12956
hihat: 11459
funk: 11136
groove: 10729
ep: 9108
arp: 7890
drums: 7766
toms: 7698
jazz: 6193
dnb: 6032
strings: 5986
pluck: 5602
guitar: 5387
clap: 5337
house: 5315
trance: 4866
fx: 4646
break: 4073
china: 4067
techno: 3891
edm: 3872
brass: 3866
gtr: 3797
bassline: 3782
sub: 3590
hit: 3336
conga: 3319
808: 3245
soul: 2756
keys: 2749
organ: 2533
cymbal: 2479
rim: 2123
choir: 2079
rhodes: 1744
cowbell: 1623
trap: 1564
sax: 1511
trumpet: 1476
reggae: 1459
horn: 1440
flute: 1422
vocal: 1279
bongo: 1229
percussion: 1173
vox: 1082
violin: 1077
acoustic: 991
cello: 949
shaker: 915
voice: 868
electric: 830
progression: 767
pattern: 748
tambourine: 698
trombone: 679
orchestra: 672
harmonic: 620
909: 596
clarinet: 581
strum: 555
sfx: 490
oboe: 474
dubstep: 447
viola: 438
melodic: 437
pick: 341
splash: 333
bassoon: 322
hi-hat: 306
keyboard: 279
chant: 262
ensemble: 227
sweep: 194
riser: 192
saxophone: 110
wurlitzer: 94
impact: 75
r&b: 42
hip-hop: 22
